0,15.373655549868122,36.360108150583564,23.96286732957408,44.0002603037366,47.8125,30.653722289127305,54.479772648956825,33.510708170182674,33.513094564748116,36.37754504138968,99.25225131287813,112.58055956966852,122.10140427800329,123.99765073093486,104.01435439052517,124.00218273566502,103.05017357763423,86.86627064513367,104.95995923732436,102.10311422400979,77.3456797947836,77.34980463979299,73.54131189606245,83.0588856808449,77.34843443626274,77.34705950435672,79.25194837977033,79.24646878817883,68.77790541144577,71.63201766974841,67.8245831015943,77.34705950435672,74.4903123748999,86.86833001326704,67.82604022391229,78.30291903653215,103.05723352895428,92.58874821936959,114.48072211307574,107.81954099927482,104.96114666864241,68.77790541144577,105.9084280205223,96.39721359549995,90.67938910093294,77.34290584113755,106.85706263246955,104.95155979670471,71.63487010795852,68.7807886552932,68.78222212128551,67.82604022391229,63.06507704666275,61.15816371954736,74.49587719055282,60.21228441865473,54.48610824149372,48.7664747225293,50.67427804427682,52.578585985702375,53.52572035551988
15.373655549868122,0,23.00615528128088,23.965421099245177,34.46983791431153,36.3783882181415,21.113965534607797,41.136956007081224,18.2444543648263,20.159910695296833,36.375,85.92352685865244,99.2536311827906,108.775657439761,110.67169905660282,90.6864272562524,110.67647796381364,89.72130748865881,73.53487010795851,91.63174790097925,88.77444817115874,64.0125,64.01699795639757,60.20772720053135,69.72687033579203,64.01550478793034,64.01400549446403,65.91933216756735,65.91336104634371,55.4430105683503,58.29753596936144,54.48934679901245,64.01400549446403,61.15663356544218,73.53709656418005,54.490954542424646,64.97038830975072,89.72884291996021,79.25907670429883,101.15380337151677,94.4919417382416,91.63301270189221,55.4430105683503,92.58011626335212,83.06814321709193,77.3490222424878,64.0094700961137,93.52866070498705,91.62278836313219,58.30066900347764,55.44618456060315,55.44776069358108,54.490954542424646,49.728823660949146,47.82113081446663,61.16271545321367,46.87572035551988,41.14633173977825,35.42386127875258,37.332842712474616,39.23777161083053,40.18449516691852
36.360108150583564,23.00615528128088,0,23.967586189819116,32.556173769148984,34.46516504294495,32.55031230493126,20.161763429326218,23.965058131676066,31.594310253571148,36.370993542358484,84.01495481681744,97.34563858674939,106.86804113067122,108.76401777983176,88.77811359473858,108.76887498333777,85.90926763859362,71.62541643544203,89.7233423555469,86.86589511899035,62.10244680449679,62.10707142142714,58.29753596936144,67.81721077053922,62.1055365663332,62.10399505646266,64.0094700961137,64.00333235062756,53.5323683950077,56.387036719067815,52.578585985702375,62.10399505646266,59.24641016151377,71.62769862324345,52.580246120340576,63.060555127546394,87.82037929302,77.35019526483956,99.24581386250317,92.58373378932242,89.72463219378658,53.5323683950077,88.76833001326703,79.25600954422279,75.43991184901205,62.09932971531205,91.62019340784929,89.71420103814452,56.3902664397204,53.53564303955243,53.5372684390808,52.580246120340576,47.81770662567847,45.90973779233409,59.25266839949165,44.964493640635226,39.23394541729001,33.5104083332,35.419837914311536,37.324999999999996,38.27156951228
23.96286732957408,23.965421099245177,23.967586189819116,0,41.13145825622995,46.84764702249476,31.59748737341529,38.27950849718747,34.46130681200458,34.45950674365033,46.856950728945215,96.38892624665198,109.71703854230674,119.2384605920645,121.1346067993745,101.15034708836629,121.13925964476951,98.28355362990061,84.00058550897404,102.09581386250316,99.2387482193696,74.47914377220258,74.48344654125444,70.6745831015943,80.19290584113755,74.4820176697484,74.48181310873252,76.38568121551354,76.38119876704943,65.91185287065325,68.76614546289692,64.95707142142713,74.48181310873252,71.6235388199371,84.00272509233967,64.95859970719452,75.43669270745644,102.09721359549995,91.62829604247528,113.52351742312189,104.95569315333896,102.09703886855618,67.81742346141748,101.14211847959568,93.53517237963823,89.7201934078493,74.4762479235823,103.99388202261412,102.08821370357394,72.57955566126722,67.81869703009382,67.82017732237402,68.77059917700933,64.0094700961137,62.10244680449679,75.44071249020219,59.249553286352736,55.4300094695611,49.70998991919093,51.61795243354942,53.522344923955686,54.46942330847951
44.0002603037366,34.46983791431153,32.556173769148984,41.13145825622995,0,5.803077640640441,30.643349029174146,33.50403001791127,23.97707377655731,23.970085210770737,13.472300609401128,61.153553390593274,74.48910956040683,82.11003048667142,85.9088856808449,60.20333235062756,85.91551925346486,64.95222507009012,48.75618621784789,61.14753596936144,62.09798527267688,33.50647855660854,33.51279745052036,29.69968730444298,39.226416804843694,33.510708170182674,33.5104083332,35.41604745817241,35.40950674365033,24.930149407994023,27.786841191518704,23.972556172684563,33.5104083332,30.64811791551599,43.0402046691561,23.975,34.46751168198791,66.86379080527138,56.3902664397204,72.58242646351947,69.72416573867739,61.14910600109422,26.838812164681784,67.81271545321367,54.48796264586489,54.48142683958907,33.5021780125229,63.045054343546056,61.13773140215265,31.607087047515037,26.840767003553225,26.843027776190294,27.79366985862022,23.02638462845343,21.115058131676065,34.47329013886344,18.26028254801576,14.42589059099338,8.68462912017836,10.602069063257455,12.511051234084064,13.455120920574885
47.8125,36.3783882181415,34.46516504294495,46.84764702249476,5.803077640640441,0,32.55341418665891,29.68815698604072,22.0657834562704,22.060653744329407,15.376776695296636,57.34232659844073,70.68017265814363,78.30155946010521,82.10039043445117,56.393465791600846,82.10716243687256,61.140954542424645,44.94474565306379,57.33610824149372,58.28796264586489,29.692706097986843,29.69937421679075,25.885518046017708,35.41368778887161,29.697171499166064,29.69494897427832,31.602796855201955,31.593990266199288,21.112499999999997,23.96972994789059,20.15653389552323,29.69494897427832,26.83385358667337,39.22810744326608,20.15916500663352,30.654337374367195,61.14888214342382,50.67427804427682,70.67583240945932,65.91486298798316,57.33911649915626,24.930149407994023,64.00178118198676,52.58189795118379,52.57524029578144,29.68815698604072,59.23354160160316,57.325960120260135,27.791415098947848,21.115421099245175,21.120085210770736,23.97707377655731,19.208416650006665,17.296054839266976,30.658602010819713,12.530710403685012,10.602069063257455,4.851550480057949,6.773743686707645,8.68462912017836,9.62747548783982
30.653722289127305,21.113965534607797,32.55031230493126,31.59748737341529,30.643349029174146,32.55341418665891,0,35.410408333199996,22.063965534607796,18.252715934252837,40.18311879132265,82.1086945681068,95.4387482193696,104.96148537354937,106.8574043615883,84.96645828122394,106.86233105022266,85.90639420517522,69.71721077053921,84.00812069293286,84.9585033659592,58.28819373146171,58.293010568350304,54.483072814861856,64.00355339059327,58.29141250709369,58.2911836015989,60.195506874027124,60.1904959617969,49.71868871959955,52.57355447763862,48.76324910215354,58.2911836015989,55.431897951183785,67.81443449342784,48.76499007920885,59.24663561559655,84.01079191812887,77.34725621455178,97.34141108957523,90.6766512041469,85.91287861412285,51.625,86.86212103804587,79.25350030978922,71.63119876704943,58.284944025174354,85.9060095442228,82.09627168710368,52.580246120340576,47.81474195780036,51.62811011871016,52.578585985702375,45.91149839485942,45.90796712486887,55.4416412592179,43.05465144017385,39.232012854316956,33.508299728997144,35.417803566070354,37.32300412084802,38.2695482331606
54.479772648956825,41.136956007081224,20.161763429326218,38.27950849718747,33.50403001791127,29.68815698604072,35.410408333199996,0,26.829469496883572,32.54717149916606,37.3172194790804,81.15291903653215,94.48445367992457,104.0074043615883,105.9032866091117,84.0119314263321,105.90825756949558,83.04705950435671,68.762068708949,84.9569705149025,84.00388736053509,57.33260336739125,57.3375,53.52739502134271,63.0482097069296,57.33587572106361,57.33424354892802,59.24003676271838,59.23354160160316,48.76124748994972,51.616227766016834,47.80720514318611,57.33424354892802,54.476199708767496,66.85925269658,47.808980177357704,58.2911836015989,84.9585033659592,74.48770156048177,94.48029786195146,89.72223364385137,84.95831207427652,48.76124748994972,85.90639420517522,74.4889087296526,72.57707757822496,57.329298496807986,86.85369388154888,84.94745282738961,51.61966779631361,48.764741957800354,48.7664747225293,47.808980177357704,43.04553976043842,41.136956007081224,54.48283817389236,40.1920830361387,34.45890393971509,28.732849200127465,30.643349029174146,32.54906073556464,33.49526771087936
33.510708170182674,18.2444543648263,23.965058131676066,34.46130681200458,23.97707377655731,22.0657834562704,22.063965534607796,26.829469496883572,0,17.287916204729658,29.697487373415292,71.6364906208435,84.96814321709194,94.4919417382416,96.38767853500028,74.49469133509616,96.39282473959794,75.43405728739343,59.24232659844073,75.43951091127207,74.48628842850906,47.81099638261562,47.81622776601684,44.00541979307176,53.527633560552026,47.81449364063523,47.814245127249414,49.71893377055432,49.71349840509961,39.23966575565641,42.095010593030146,38.283670142947756,47.814245127249414,44.95413812651491,57.33934679901245,38.285591491469894,48.77015621187164,77.34587719055283,66.8743744782968,84.96495481681744,80.20543186850567,75.44091239427779,39.23804296554507,78.29370039370058,66.8743744782968,63.05816371954736,47.80745934690622,77.33729833462074,75.4307886552932,44.003366527487785,41.14817151104692,41.15,40.1920830361387,35.42782638463616,33.51867731575256,46.86721443851123,32.57414640249326,26.838484800354234,21.109910695296833,23.021500564333365,24.92776083947861,25.87360679774998
33.513094564748116,20.159910695296833,31.594310253571148,34.45950674365033,23.970085210770737,22.060653744329407,18.252715934252837,32.54717149916606,17.287916204729658,0,31.603105709141456,75.44091239427779,88.77444817115874,96.39370598373246,100.19264828024065,76.39666579131556,100.19878307677541,79.23971143170299,63.05,75.43790301622957,78.29191038516477,49.71349840509961,49.71868871959955,45.90796712486887,55.4300094695611,49.716968058327645,49.71523800532296,51.62137400330456,51.614493640635224,41.14074258374033,43.99606798205817,40.18641098093474,49.71523800532296,46.85669610365963,59.24164125921791,40.188314064866766,50.67258719751409,75.43951091127207,68.77520827549509,86.8657072287079,84.01079191812887,77.34290584113755,41.14074258374033,80.1956797947836,68.77645550865938,63.05772720053135,49.70998991919093,77.33446391248074,73.52416573867738,40.190204669156095,37.331458256229936,41.14633173977825,40.188314064866766,33.51867731575256,33.51457513110646,43.053108891324555,32.57012728481217,26.83385358667337,21.10463381929681,23.016506350946106,24.922906931251585,25.868660696056697
36.37754504138968,36.375,36.370993542358484,46.856950728945215,13.472300609401128,15.376776695296636,40.18311879132265,37.3172194790804,29.697487373415292,31.603105709141456,0,70.68037810136757,84.01325688137041,93.5387482193696,95.433373395584,71.63628842850906,95.43821370357395,74.47749172176353,58.28634060117684,72.5809937663532,71.62645550865939,44.950260303736606,44.95567548151594,41.14448047473474,50.667460627480004,44.95388114452858,44.95207614933987,46.85847406698132,46.851299269829845,36.3764168048437,39.232012854316956,35.42185703963664,44.95207614933987,42.09315098498896,54.4795356581616,35.42386127875258,45.90973779233409,74.48628842850906,64.01422005710833,82.1058170770187,79.25078048854704,72.58242646351947,36.3764168048437,77.33729833462074,64.01550478793034,62.10244680449679,44.946595262942616,74.47749172176353,72.57080992435479,39.23586491565073,36.38034576865007,36.382289744765906,35.42386127875258,30.658602010819713,28.748746859276654,42.10052038200428,27.80464435984329,22.0657834562704,16.333711730708735,18.246850196850296,20.15386883037875,21.099217218131365
99.25225131287813,85.92352685865244,84.01495481681744,96.38892624665198,61.153553390593274,57.34232659844073,82.1086945681068,81.15291903653215,71.6364906208435,75.44091239427779,70.68037810136757,0,32.55708704751504,38.28613807855649,45.90310889132455,56.39888214342382,63.05947009611371,44.00771334062728,60.199106001094215,61.15465652397778,46.8625,67.81763602924632,69.72873143518858,65.91975498644372,75.43830561417522,73.53588372601082,73.53568121551353,77.34469133509617,77.34031237489991,66.87270128789689,69.72687033579203,65.91806079660839,71.63365023133058,68.77541643544203,79.24823830805184,65.9182729965664,72.58729833462074,103.05569315333895,92.58714271125113,120.19276008361066,105.91401777983175,106.86435439052516,78.3017539669997,105.91063814431719,102.10672064766112,92.58247109730014,83.05639420517521,104.9503470883663,103.04476117186643,81.15677850238183,74.49191038516477,76.40078048854704,79.25466035140596,72.5881043674065,72.5881043674065,84.01720798170696,67.83058343369096,65.91784847423905,60.199999999999996,62.10707142142714,64.01098822695484,64.95838177967079
112.58055956966852,99.2536311827906,97.34563858674939,109.71703854230674,74.48910956040683,70.68017265814363,95.4387482193696,94.48445367992457,84.96814321709194,88.77444817115874,84.01325688137041,32.55708704751504,0,28.745903944661325,36.37128168017764,54.49186985827943,61.147760693581084,40.1928843628465,58.293010568350304,63.063145976158346,46.86274990007992,83.0577376607575,83.0617417273,79.25350030978922,88.77056509603152,86.86833001326704,86.86851672606959,90.6764680527308,90.6727883631322,80.20658639918226,83.06041137898454,79.25194837977033,84.96664583281247,82.1086945681068,92.57975283594178,79.25214269855363,85.91963525828986,116.38380006200909,105.91636895265442,133.51886293951293,119.24037613114832,120.19164901098242,91.63301270189221,117.33331537322952,113.53185838168491,105.91165463281547,96.38732139211339,118.28007160924179,116.37483549783056,92.58337339558399,87.82536748817932,89.73355362990061,92.58714271125113,85.92186342576716,85.92186342576716,97.3487830767754,81.16495481681744,79.25330664512254,73.53709656418005,75.44350190596742,77.34705950435672,78.29469133509616
122.10140427800329,108.775657439761,106.86804113067122,119.2384605920645,82.11003048667142,78.30155946010521,104.96148537354937,104.0074043615883,94.4919417382416,96.39370598373246,93.5387482193696,38.28613807855649,28.745903944661325,0,38.274431230001255,46.861498394859424,63.05244680449679,47.81523800532296,67.82038830975073,63.05244680449679,48.76696805832764,90.67774846580672,90.6815669125408,86.87371128141696,96.38999289766994,94.48785699720342,94.48803538669839,98.29563858674939,98.29211847959569,87.8266512041469,90.68029786195146,86.87223364385137,92.58624820916538,89.72866070498705,100.19878307677541,86.8724186312179,93.53910420175625,116.38396151706515,105.91653644016303,131.6153882032022,119.24053542175872,118.28798053239858,99.25190568706313,126.85404612884139,113.53072211307574,111.62285700798444,102.10052053227349,125.89592086062193,116.37729707730091,100.2036311827906,93.5403478738452,97.35242402677135,100.20586456322026,91.6369639573237,93.54123406486806,101.15757513044306,88.78463346626783,86.87352685865244,81.15812069293287,83.06420103814452,84.96758232721226,85.9153311931459
123.99765073093486,110.67169905660282,108.76401777983176,121.1346067993745,85.9088856808449,82.10039043445117,106.8574043615883,105.9032866091117,96.38767853500028,100.19264828024065,95.433373395584,45.90310889132455,36.37128168017764,38.274431230001255,0,60.200669003477635,36.376981497577006,45.90310889132455,50.67113081446662,49.71942330847951,41.14501059303015,94.4766512041469,96.38624820916537,92.57847841252506,102.09458548109446,100.19247175051069,100.19264828024065,102.09458548109446,103.99668920963013,91.62555111326373,94.47920711783473,90.67112201319807,96.38517237963822,93.52756578441218,105.9032866091117,90.67130748865881,97.33803538669838,125.89576330037629,115.42876795005513,143.0291502622129,128.75218273566503,129.70249378105603,103.05086721992178,128.7506246098625,124.94796460717605,117.32844148022511,107.80500686808003,131.6,127.79117206760971,104.0012136411945,99.24352987498025,101.15138675213169,104.0048351349665,95.43588989435406,97.34017042154147,106.86063814431719,92.5835536299006,90.6724186312179,84.9569705149025,86.86306779104646,88.76645828122393,89.71420103814452
104.01435439052517,90.6864272562524,88.77811359473858,101.15034708836629,60.20333235062756,56.393465791600846,84.96645828122394,84.0119314263321,74.49469133509616,76.39666579131556,71.63628842850906,56.39888214342382,54.49186985827943,46.861498394859424,60.200669003477635,0,50.66770662567846,37.33422042502255,49.72234492395569,50.668688719599544,51.62355447763862,78.30039043445116,78.30446724218407,74.49607448794387,84.01344588521353,82.11117210508496,82.11136206679761,80.20658639918226,80.20272509233968,73.54290584113754,76.3968626966597,72.5881043674065,78.30330664512253,75.44508701573197,87.82278836313219,72.58951091127207,79.25754600967252,107.81469075738602,97.34651427748729,115.43137173784923,110.67153340284649,102.10190568706312,77.35117016339703,110.67053825561796,95.44229515032386,101.15138675213169,80.19960918407864,109.71418611569068,104.00155979670471,78.30311288741493,73.54449334595148,75.4517539669997,78.3056245184897,73.5454823004889,71.63910956040684,83.06963525828985,66.88160843806185,64.96890886408434,59.251114297629705,61.15816371954736,63.062068708949,64.0094700961137
124.00218273566502,110.67647796381364,108.76887498333777,121.13925964476951,85.91551925346486,82.10716243687256,106.86233105022266,105.90825756949558,96.39282473959794,100.19878307677541,95.43821370357395,63.05947009611371,61.147760693581084,63.05244680449679,36.376981497577006,50.66770662567846,0,53.523312928909434,52.57715630820756,49.71966779631361,52.57739502134272,102.10069390943299,102.10431954613465,98.29686407329298,107.81233105022267,105.91029881598804,105.91046851140983,104.00620718977237,105.90825756949558,97.34405799170828,100.1975628447492,96.38981530214397,102.1032866091117,99.24598906937278,111.62070425959406,96.39105696910943,103.05706263246955,120.19402682113423,109.72696960070847,135.42365900164134,123.0504685304792,122.09670791215763,103.05689167206242,121.1445010111213,113.53412291827593,119.23573398069314,107.81097722286464,123.99418493501928,120.18525122359453,104.00723352895429,99.24965264371512,101.15740436158829,104.01080771477916,95.44211847959569,97.34633927678392,106.86653644016303,92.58981530214398,90.67884291996022,84.96363480269436,86.86963525828986,88.77297310789221,89.72075081699266
103.05017357763423,89.72130748865881,85.90926763859362,98.28355362990061,64.95222507009012,61.140954542424645,85.90639420517522,83.04705950435671,75.43405728739343,79.23971143170299,74.47749172176353,44.00771334062728,40.1928843628465,47.81523800532296,45.90310889132455,37.33422042502255,53.523312928909434,0,35.40124689052802,53.52715630820756,44.946067982058175,77.33628842850906,77.34051248379534,73.53181310873252,83.04980463979298,81.14745282738961,81.14725621455177,83.04980463979298,84.9517539669997,72.57811208655636,75.43222212128552,71.6235388199371,77.3389087296526,74.4807886552932,86.85945848385398,71.62374790969315,78.29250796170268,112.56754010523161,102.09947886490912,127.79968740228267,115.425657439761,114.47169905660283,82.10058550897405,105.90449147406744,96.38928208477013,100.19034787384521,86.85523912693618,114.46469075738602,110.65517853640081,83.04941363271675,78.29071249020218,80.19960918407864,83.05350030978921,74.4820176697484,76.38689468851355,85.91003048667142,71.62934977263734,69.71657195746538,63.99865814202453,65.90575623676894,67.80968736424846,68.75707142142713
86.86627064513367,73.53487010795851,71.62541643544203,84.00058550897404,48.75618621784789,44.94474565306379,69.71721077053921,68.762068708949,59.24232659844073,63.05,58.28634060117684,60.199106001094215,58.293010568350304,67.82038830975073,50.67113081446662,49.72234492395569,52.57715630820756,35.40124689052802,0,43.05181741169124,36.375283944319314,61.14437443284889,61.14910600109422,57.33934679901245,66.85947009611371,64.9568525605905,64.95707142142713,66.85947009611371,68.762068708949,56.385643039552434,59.2402664397204,55.4300094695611,61.147760693581084,58.28819373146171,70.67017732237402,55.43024612034057,62.10133673306388,96.38499281603262,85.91551925346486,111.61837484987987,99.24229515032386,98.28803538669838,65.91033838263499,97.33409388385462,91.62811359473858,85.9086945681068,70.66550478793033,100.18517237963823,96.37499999999999,68.7676360292463,62.10111429762971,64.01098822695484,66.86529097990505,58.29141250709369,60.196860923137784,69.72249161064377,55.438424659267014,53.52403703492039,47.80362394503728,49.7117490978335,51.616227766016834,52.56324910215354
104.95995923732436,91.63174790097925,89.7233423555469,102.09581386250316,61.14753596936144,57.33610824149372,84.00812069293286,84.9569705149025,75.43951091127207,75.43790301622957,72.5809937663532,61.15465652397778,63.063145976158346,63.05244680449679,49.71942330847951,50.668688719599544,49.71966779631361,53.52715630820756,43.05181741169124,0,41.14154759474226,73.52914377220257,73.53344654125443,69.72458310159429,79.24290584113754,77.34171099039982,77.34191038516478,79.24290584113754,81.14528470752104,68.77249161064377,71.62666297933299,67.81742346141748,73.53222212128551,70.6735388199371,83.05272509233967,67.81763602924632,74.48547859862772,106.85723352895428,92.57975283594178,110.66687123492457,105.90569315333894,97.3353518691817,78.29607448794387,102.09598906937278,90.6764680527308,86.86306779104646,81.1433033180638,99.23499281603263,93.52149288250217,79.25194837977033,72.58405728739343,76.39548230048891,79.25058550897404,70.68181310873253,72.5838538133196,80.20639420517522,67.8245831015943,65.91336104634371,60.195280682923325,62.10244680449679,64.00641443573458,64.95377429245212
102.10311422400979,88.77444817115874,86.86589511899035,99.2387482193696,62.09798527267688,58.28796264586489,84.9585033659592,84.00388736053509,74.48628842850906,78.29191038516477,71.62645550865939,46.8625,46.86274990007992,48.76696805832764,41.14501059303015,51.62355447763862,52.57739502134272,44.946067982058175,36.375283944319314,41.14154759474226,0,72.57541643544204,72.57976143827409,68.77080992435478,78.28931028755993,76.38689468851355,76.38709656418006,78.28931028755993,80.19171099039981,67.81742346141748,70.67165171868297,66.86228441865474,72.57852509824318,69.71975498644372,82.09921798556678,66.8625,73.53181310873252,104.0013867521317,95.43696395732371,119.23492911853177,108.7625,107.80978935394373,79.24646878817883,108.75944939873723,101.14791182167922,91.62056509603151,84.00117016339702,105.89598906937277,100.18174790097926,80.19843443626273,73.53324274291889,77.34705950435672,78.29627168710367,69.7243744782968,73.53426065372348,81.15291903653215,68.77666297933298,66.86379080527138,61.14573291714848,63.05288985533733,64.9568525605905,65.90421568288262
77.3456797947836,64.0125,62.10244680449679,74.47914377220258,33.50647855660854,29.692706097986843,58.28819373146171,57.33260336739125,47.81099638261562,49.71349840509961,44.950260303736606,67.81763602924632,83.0577376607575,90.67774846580672,94.4766512041469,78.30039043445116,102.10069390943299,77.33628842850906,61.14437443284889,73.52914377220257,72.57541643544204,0,11.560565407233312,13.465831239517769,7.725,17.284560288252916,17.284983107336856,15.370477271212323,34.45495097567964,31.603105709141456,24.918660696056698,23.009165006633516,17.28833148966649,16.3341364982832,24.9157834562704,23.009538182678,25.88150323971815,83.05504629365048,72.58405728739343,92.57993458804799,85.91287861412285,79.24666579131555,50.66917863337009,85.90907670429884,74.49051248379533,72.57831864876054,55.425,79.23709656418005,77.33058343369096,51.625,44.95618621784789,48.76991209730174,47.81449364063523,43.05129926982985,44.95388114452858,54.48796264586489,40.194215057398495,38.27754504138968,32.55341418665891,34.46309456474811,36.3683863819198,37.31487025125521
77.34980463979299,64.01699795639757,62.10707142142714,74.48344654125444,33.51279745052036,29.69937421679075,58.293010568350304,57.3375,47.81622776601684,49.71868871959955,44.95567548151594,69.72873143518858,83.0617417273,90.6815669125408,96.38624820916537,78.30446724218407,102.10431954613465,77.34051248379534,61.14910600109422,73.53344654125443,72.57976143827409,11.560565407233312,0,3.881967981553775,13.469096865730858,21.10728904939721,21.10766559657295,17.282431493991577,28.73150323971815,25.878787565221536,26.827417567483252,26.829469496883572,21.108416650006664,22.063600093632935,30.64399026619929,26.829809703885626,20.155395959064435,83.05754600967252,72.58669270745645,92.58229041164476,85.9153311931459,79.24921798556677,50.67427804427682,85.91155194082886,74.4931046298379,72.5809937663532,55.4300094695611,79.23971143170299,77.3332427429189,51.62811011871016,44.9594854600785,48.775,47.81770662567847,43.05465144017385,44.95923292192133,54.490954542424646,40.19973947020704,38.283394601218866,32.55980762113533,34.46925824035672,36.37443123000126,37.32099354235848
73.54131189606245,60.20772720053135,58.29753596936144,70.6745831015943,29.69968730444298,25.885518046017708,54.483072814861856,53.52739502134271,44.00541979307176,45.90796712486887,41.14448047473474,65.91975498644372,79.25350030978922,86.87371128141696,92.57847841252506,74.49607448794387,98.29686407329298,73.53181310873252,57.33934679901245,69.72458310159429,68.77080992435478,13.465831239517769,3.881967981553775,0,15.3741048534648,19.2031009601159,19.203485257451245,15.377658380044398,32.54558603380485,23.975,24.92360679774998,23.014330352493527,24.92395591083961,25.878787565221536,32.54748737341529,24.926039266500315,23.971147575161925,79.24921798556677,68.77790541144577,88.77444817115874,82.10716243687256,75.44071249020219,46.86374750995027,82.10330664512254,70.68446391248074,68.77207190165342,51.61966779631361,75.4309937663532,73.52437447829679,47.81770662567847,41.148433409657834,44.964493640635226,44.00695072894521,39.243417364857635,41.14817151104692,50.68095505737184,36.38831406486677,34.47128168017763,28.74653853654145,30.65647855660854,32.56190408549696,33.508299728997144
83.0588856808449,69.72687033579203,67.81721077053922,80.19290584113755,39.226416804843694,35.41368778887161,64.00355339059327,63.0482097069296,53.527633560552026,55.4300094695611,50.667460627480004,75.43830561417522,88.77056509603152,96.38999289766994,102.09458548109446,84.01344588521353,107.81233105022267,83.04980463979298,66.85947009611371,79.24290584113754,78.28931028755993,7.725,13.469096865730858,15.3741048534648,0,9.635784756140003,9.636358901432947,9.640312152004023,38.26809513236909,33.508602010819715,21.1031009601159,26.825,21.105775970414427,22.061024287701674,28.731165525111336,26.825346954716498,29.695903944661325,88.76795633743251,78.29764934301467,98.29211847959569,91.62555111326373,84.95983990776887,56.38541019662497,91.62186342576715,80.20388736053509,78.29210967853395,61.140954542424645,84.95058550897404,83.04429525738968,57.34095454242465,50.673071199583,54.48610824149372,53.53095505737184,48.76844348007142,50.67088744132483,60.20333235062756,45.91174909783349,43.99606798205817,38.27357585785299,40.18256636388643,42.0875,43.03422042502255
77.34843443626274,64.01550478793034,62.1055365663332,74.4820176697484,33.510708170182674,29.697171499166064,58.29141250709369,57.33587572106361,47.81449364063523,49.716968058327645,44.95388114452858,73.53588372601082,86.86833001326704,94.48785699720342,100.19247175051069,82.11117210508496,105.91029881598804,81.14745282738961,64.9568525605905,77.34171099039982,76.38689468851355,17.284560288252916,21.10728904939721,19.2031009601159,9.635784756140003,0,0.012500000000000011,11.557122563624706,45.89208303613869,25.881165525111335,11.55103807466993,21.105395959064435,26.825346954716498,27.78014940799402,38.26809513236909,17.279843682124223,35.4125,86.8657072287079,76.39528470752104,96.38999289766994,89.7233423555469,83.05754600967252,50.67258719751409,89.71963525828986,78.30155946010521,76.38971143170299,55.42834813841409,83.04823830805184,81.14191038516478,55.43819373146171,48.77015621187164,48.773312928909434,51.62811011871016,46.8654857366031,44.95745934690622,58.30066900347764,40.19790938219532,38.28145825622994,32.5576941016011,34.4672194790804,36.372431183971294,37.31896793489187
77.34705950435672,64.01400549446403,62.10399505646266,74.48181310873252,33.5104083332,29.69494897427832,58.2911836015989,57.33424354892802,47.814245127249414,49.71523800532296,44.95207614933987,73.53568121551353,86.86851672606959,94.48803538669839,100.19264828024065,82.11136206679761,105.91046851140983,81.14725621455177,64.95707142142713,77.34191038516478,76.38709656418006,17.284983107336856,21.10766559657295,19.203485257451245,9.636358901432947,0.012500000000000011,0,11.55761900266148,45.891815438248216,25.880827316407743,11.550519932234902,21.105775970414427,26.825,27.780488611432318,38.2683863819198,17.280277563773197,35.41279745052036,86.86438961135627,76.39389878141472,96.38981530214397,89.72352685865243,83.0577376607575,50.67282928925362,89.71944904338906,78.3017539669997,76.38991184901205,55.42858598570237,83.04804208320226,81.14171099039982,55.4365728004459,48.76844348007142,48.77161700825671,51.62643912143001,46.86374750995027,44.95567548151594,58.299106001094216,40.196067982058175,38.27950849718747,32.55556310375326,34.46516504294495,36.3704163456598,37.31692695630078
79.25194837977033,65.91933216756735,64.0094700961137,76.38568121551354,35.41604745817241,31.602796855201955,60.195506874027124,59.24003676271838,49.71893377055432,51.62137400330456,46.85847406698132,77.34469133509617,90.6764680527308,98.29563858674939,102.09458548109446,80.20658639918226,104.00620718977237,83.04980463979298,66.85947009611371,79.24290584113754,78.28931028755993,15.370477271212323,17.282431493991577,15.377658380044398,9.640312152004023,11.557122563624706,11.55761900266148,0,38.26575364531837,29.691091269024824,17.27940875118009,24.9157834562704,23.0042516829796,25.86901769334919,34.45062422069704,23.006533895523226,29.68618054534614,84.96117210508496,74.49051248379533,94.48571062644834,87.8188899020029,81.15291903653215,52.576917420765554,87.81514304763539,76.3968626966597,74.48487010795851,57.33260336739125,81.14350190596743,79.23709656418005,53.532603367391246,46.86424512724941,50.677633560552025,49.72234492395569,44.9594854600785,46.86199959935871,56.39528068292333,42.102592960922756,40.18641098093474,34.46309456474811,36.372431183971294,38.27754504138968,39.22414640249326
79.24646878817883,65.91336104634371,64.00333235062756,76.38119876704943,35.40950674365033,31.593990266199288,60.1904959617969,59.23354160160316,49.71349840509961,51.614493640635224,46.851299269829845,77.34031237489991,90.6727883631322,98.29211847959569,103.99668920963013,80.20272509233968,105.90825756949558,84.9517539669997,68.762068708949,81.14528470752104,80.19171099039981,34.45495097567964,28.73150323971815,32.54558603380485,38.26809513236909,45.89208303613869,45.891815438248216,38.26575364531837,0,27.772906931251583,36.35799709300688,28.731165525111336,24.920439901106853,25.87395591083961,24.92360679774998,30.64141509894785,25.878787565221536,84.9558170770187,74.48487010795851,94.48174790097926,87.81514304763539,81.1490222424878,52.572102468168126,87.81098205556933,76.39290584113755,74.4807886552932,57.3278719262151,81.13910956040684,79.23263069662535,53.52596012026013,46.85720514318611,50.67088744132483,49.7154857366031,44.952334665561196,46.85490777294126,56.388886042793146,42.09527529527544,40.1786687101201,34.454644359843286,36.36427968139833,38.2695482331606,39.216047458172405
68.77790541144577,55.4430105683503,53.5323683950077,65.91185287065325,24.930149407994023,21.112499999999997,49.71868871959955,48.76124748994972,39.23966575565641,41.14074258374033,36.3764168048437,66.87270128789689,80.20658639918226,87.8266512041469,91.62555111326373,73.54290584113754,97.34405799170828,72.57811208655636,56.385643039552434,68.77249161064377,67.81742346141748,31.603105709141456,25.878787565221536,23.975,33.508602010819715,25.881165525111335,25.880827316407743,29.691091269024824,27.772906931251583,0,20.146054839266977,12.512018517460197,22.061024287701674,24.92810359488618,27.783184476327218,12.5125,19.201943680267544,78.29607448794387,67.8245831015943,87.82260353760941,81.1556245184897,74.48910956040683,42.09895651857753,81.15136485895006,69.73283482077784,67.82038830975073,46.85516389039334,74.4789376597806,72.5722818152959,46.86374750995027,40.194215057398495,40.19764702249476,43.05285103598964,38.28912583765551,36.38034576865007,49.72715630820756,31.619837914311535,29.701557647468725,23.974652509445143,25.885518046017708,27.791415098947848,28.7375
71.63201766974841,58.29753596936144,56.387036719067815,68.76614546289692,27.786841191518704,23.96972994789059,52.57355447763862,51.616227766016834,42.095010593030146,43.99606798205817,39.232012854316956,69.72687033579203,83.06041137898454,90.68029786195146,94.47920711783473,76.3968626966597,100.1975628447492,75.43222212128552,59.2402664397204,71.62666297933299,70.67165171868297,24.918660696056698,26.827417567483252,24.92360679774998,21.1031009601159,11.55103807466993,11.550519932234902,17.27940875118009,36.35799709300688,20.146054839266977,0,9.636930639376292,19.18915932438027,22.055775970414427,32.549374216790746,9.632876822659183,27.78082731640774,81.15,70.67873143518858,90.6762848226245,84.00945848385398,77.34310462983791,44.95413812651491,84.00523912693617,72.58689468851355,70.6745831015943,49.710241841149774,77.33303883615112,75.42645550865939,49.71868871959955,43.049478713767776,43.05285103598964,45.90796712486887,41.14448047473474,39.23586491565073,52.58189795118379,34.4755675960631,32.5576941016011,26.83150323971815,28.742061459137965,30.647802845019985,31.593990266199288
67.8245831015943,54.48934679901245,52.578585985702375,64.95707142142713,23.972556172684563,20.15653389552323,48.76324910215354,47.80720514318611,38.283670142947756,40.18641098093474,35.42185703963664,65.91806079660839,79.25194837977033,86.87223364385137,90.67112201319807,72.5881043674065,96.38981530214397,71.6235388199371,55.4300094695611,67.81742346141748,66.86228441865474,23.009165006633516,26.829469496883572,23.014330352493527,26.825,21.105395959064435,21.105775970414427,24.9157834562704,28.731165525111336,12.512018517460197,9.636930639376292,0,13.469096865730858,16.33666480653835,23.011394181566093,3.9007782218537317,22.063965534607796,77.34290584113755,66.87123106012294,86.86851672606959,80.20097537330864,73.53426065372348,41.14261749776799,80.19705950435672,68.77790541144577,66.86529097990505,45.89895651857753,73.52437447829679,71.61763602924631,45.90973779233409,39.239935337618576,39.243417364857635,42.09869507863371,37.33476964374736,35.42585095613392,48.773312928909434,30.665165042944952,28.74653853654145,23.019017693349188,24.930149407994023,26.83618054534614,27.78217719526258
77.34705950435672,64.01400549446403,62.10399505646266,74.48181310873252,33.5104083332,29.69494897427832,58.2911836015989,57.33424354892802,47.814245127249414,49.71523800532296,44.95207614933987,71.63365023133058,84.96664583281247,92.58624820916538,96.38517237963822,78.30330664512253,102.1032866091117,77.3389087296526,61.147760693581084,73.53222212128551,72.57852509824318,17.28833148966649,21.108416650006664,24.92395591083961,21.105775970414427,26.825346954716498,26.825,23.0042516829796,24.920439901106853,22.061024287701674,19.18915932438027,13.469096865730858,0,4.857529065838033,15.377218085984472,9.636930639376292,10.6,83.05639420517521,72.58547859862773,92.58229041164476,85.9157072287079,79.24960918407864,50.67282928925362,85.91155194082886,74.49350190596742,72.58140365755982,55.42858598570237,79.23971143170299,77.3332427429189,51.626678358634294,44.95796712486887,48.77161700825671,47.81622776601684,43.053108891324555,44.95567548151594,54.48957694268015,40.196067982058175,38.27950849718747,32.55556310375326,34.46516504294495,36.3704163456598,37.31692695630078
74.4903123748999,61.15663356544218,59.24641016151377,71.6235388199371,30.64811791551599,26.83385358667337,55.431897951183785,54.476199708767496,44.95413812651491,46.85669610365963,42.09315098498896,68.77541643544203,82.1086945681068,89.72866070498705,93.52756578441218,75.44508701573197,99.24598906937278,74.4807886552932,58.28819373146171,70.6735388199371,69.71975498644372,16.3341364982832,22.063600093632935,25.878787565221536,22.061024287701674,27.78014940799402,27.780488611432318,25.86901769334919,25.87395591083961,24.92810359488618,22.055775970414427,16.33666480653835,4.857529065838033,0,16.33071040368501,12.508113883008418,15.380277563773198,80.19980463979299,69.72852509824317,89.725,83.0577376607575,76.39131189606246,47.8125,83.05388736053509,71.63507304501873,69.72270128789688,52.56844348007142,76.38160843806185,74.475,48.76844348007142,42.09921773008964,45.913249102153536,44.95771334062728,40.194215057398495,42.096858552175945,51.63166247903554,37.33695600708122,35.419837914311536,29.69494897427832,31.60495097567964,33.5104083332,34.45678298230217
86.86833001326704,73.53709656418005,71.62769862324345,84.00272509233967,43.0402046691561,39.22810744326608,67.81443449342784,66.85925269658,57.33934679901245,59.24164125921791,54.4795356581616,79.24823830805184,92.57975283594178,100.19878307677541,105.9032866091117,87.82278836313219,111.62070425959406,86.85945848385398,70.67017732237402,83.05272509233967,82.09921798556678,24.9157834562704,30.64399026619929,32.54748737341529,28.731165525111336,38.26809513236909,38.2683863819198,34.45062422069704,24.92360679774998,27.783184476327218,32.549374216790746,23.011394181566093,15.377218085984472,16.33071040368501,0,23.011763429326216,22.063965534607796,92.57720018726587,82.10735426842001,102.10086721992178,95.43463346626784,88.7692627457812,60.196860923137784,95.43102349123917,84.01344588521353,82.10194837977033,64.95222507009012,88.76022097703554,86.85408074688112,61.15222507009013,54.48494402517436,58.29753596936144,57.342554740151115,52.58048260166006,54.48283817389236,64.01422005710833,49.72403703492039,47.808980177357704,42.0875,43.99606798205817,45.90078023538789,46.84764702249476
67.82604022391229,54.490954542424646,52.580246120340576,64.95859970719452,23.975,20.15916500663352,48.76499007920885,47.808980177357704,38.285591491469894,40.188314064866766,35.42386127875258,65.9182729965664,79.25214269855363,86.8724186312179,90.67130748865881,72.58951091127207,96.39105696910943,71.62374790969315,55.43024612034057,67.81763602924632,66.8625,23.009538182678,26.829809703885626,24.926039266500315,26.825346954716498,17.279843682124223,17.280277563773197,23.006533895523226,30.64141509894785,12.5125,9.632876822659183,3.9007782218537317,9.636930639376292,12.508113883008418,23.011763429326216,0,18.23874586088177,77.34429525738969,66.87270128789689,86.86982139059367,80.20233692348577,73.53568121551353,41.14448047473474,80.19843443626273,68.77934977263733,66.86678501877803,45.90078023538789,73.52583240945931,71.61912057650584,45.91149839485942,39.24181543824822,39.24527529527544,42.10052038200428,37.33668362352949,35.42782638463616,48.775,30.667219479080398,28.748746859276654,23.021500564333365,24.932513440471727,26.838484800354234,27.78452078799117
