0,9.736555498681225,21.6010815058356,14.6286732957408,26.00260303736608,28.125,18.537222891273053,31.79772648956823,20.107081701826775,20.13094564748115,21.775450413896813,56.522513128781384,63.80559569668527,69.0140427800329,69.97650730934859,59.143543905251676,70.02182735665016,58.50173577634228,49.662706451336675,59.599592373243524,58.031142240097964,44.4567979478361,44.49804639792987,42.41311896062463,47.58885680844903,44.484344362627304,44.470595043567144,45.51948379770338,45.46468788178843,39.77905411445774,41.32017669748403,39.245831015942926,44.470595043567144,42.903123748999,49.683300132670375,39.26040223912283,45.02919036532155,58.57233528954297,52.88748219369606,64.80722113075736,61.19540999274824,59.61146668642418,39.77905411445774,60.08428020522306,54.97213595499958,51.793891009329414,44.42905841137543,60.57062632469555,59.515597967047114,41.34870107958516,39.807886552931954,39.82222121285516,39.26040223912283,36.650770466627556,35.581637195473604,42.95877190552828,35.12284418654736,31.861082414937187,28.66474722529304,29.74278044276821,30.78585985702373,31.257203555198846
9.736555498681225,0,14.06155281280883,14.65421099245176,20.698379143115364,21.78388218141501,13.139655346077962,24.36956007081225,11.444543648263005,12.599106952968333,21.75,49.235268586524356,56.53631182790601,61.75657439761011,62.7169905660283,51.86427256252402,62.76477963813648,51.21307488658818,42.34870107958516,52.317479009792635,50.74448171158741,37.125,37.1699795639758,35.077272005313546,40.26870335792033,37.15504787930336,37.14005494464026,38.19332167567354,38.13361046343716,32.43010568350306,33.975359693614465,31.893467990124556,37.14005494464026,35.56633565442178,42.3709656418005,31.909545424246463,37.703883097507266,51.28842919960211,45.59076704298839,57.538033715167835,53.91941738241592,52.33012701892219,32.43010568350306,52.801162633521315,47.681432170919436,44.49022242487809,37.0947009611371,53.28660704987056,52.227883631321944,34.00669003477638,32.46184560603156,32.47760693581089,31.909545424246463,29.288236609491477,28.211308144666283,35.62715453213673,27.757203555198846,24.463317397782426,21.23861278752583,22.32842712474619,23.377716108305336,23.84495166918526
21.6010815058356,14.06155281280883,0,14.675861898191151,19.5617376914899,20.651650429449553,19.5031230493126,12.617634293262178,14.650581316760658,18.943102535711507,21.70993542358485,48.149548168174455,55.45638586749397,60.680411306712266,61.640177798317644,50.78113594738593,61.68874983337776,49.09267638593622,41.254164354420304,51.233423555469024,49.65895118990353,36.02446804496792,36.070714214271426,33.975359693614465,39.172107705392094,36.055365663331976,36.03995056462657,37.0947009611371,37.03332350627564,31.323683950077083,32.87036719067819,30.78585985702373,36.03995056462657,34.46410161513776,41.27698623243453,30.802461203405727,36.60555127546399,50.20379293020006,44.50195264839553,56.45813862503175,52.837337893224365,51.24632193786576,31.323683950077083,50.683300132670375,45.560095442227926,43.39911849012056,35.99329715312053,52.201934078492904,51.142010381445225,32.90266439720405,31.356430395524388,31.37268439080801,30.802461203405727,28.17706625678471,27.097377923340968,34.52668399491647,26.64493640635228,23.339454172900137,20.10408333199996,21.198379143115364,22.25,22.715695122800053
14.6286732957408,14.65421099245176,14.675861898191151,0,24.314582562299424,27.476470224947665,18.974873734152915,22.795084971874736,20.61306812004586,20.595067436503335,27.56950728945217,54.88926246651986,62.17038542306735,67.38460592064499,68.34606799374504,57.503470883662956,68.39259644769523,55.83553629900616,48.005855089740514,57.95813862503175,56.38748219369606,42.791437722025776,42.83446541254449,40.745831015942926,45.92905841137543,42.82017669748403,42.81813108732531,43.85681215513538,43.811987670494226,38.11852870653253,39.6614546289692,37.570714214271426,42.81813108732531,41.23538819937098,48.02725092339675,37.585997071945265,43.36692707456451,57.97213595499958,52.28296042475296,64.23517423121895,59.556931533389545,57.970388685561915,39.174234614174765,57.42118479595685,53.3517237963823,51.201934078492904,42.7624792358231,58.938820226141175,57.882137035739525,41.79555661267224,39.18697030093816,39.20177322374021,39.7059917700934,37.0947009611371,36.02446804496792,43.40712490202195,34.49553286352739,32.30009469561102,29.099899191909312,30.179524335494225,31.223449239556906,31.694233084795158
26.00260303736608,20.698379143115364,19.5617376914899,24.314582562299424,0,4.030776406404415,18.433490291741474,20.0403001791127,14.770737765573118,14.700852107707377,8.723006094011279,35.53553390593274,42.89109560406835,47.10030486671418,49.08885680844903,35.03332350627564,49.15519253464866,37.522250700901346,28.56186217847897,35.475359693614465,35.97985272676876,20.064785566085398,20.12797450520358,17.996873044429773,23.264168048436996,20.107081701826775,20.10408333199996,21.160474581724095,21.095067436503335,15.301494079940246,16.868411915187053,14.725561726845607,20.10408333199996,18.4811791551599,25.402046691560976,14.75,20.675116819879086,38.63790805271381,32.90266439720405,41.82426463519459,40.241657386773944,35.491060010942235,16.38812164681785,39.12715453213673,31.879626458648943,31.814268395890714,20.021780125229,36.45054343546057,35.37731402152657,19.070870475150393,16.407670035532277,16.430277761902946,16.93669858620224,14.263846284534354,13.150581316760658,20.73290138863443,11.602825480157591,9.258905909933786,5.846291201783626,7.020690632574555,8.110512340840641,8.551209205748858
28.125,21.78388218141501,20.651650429449553,27.476470224947665,4.030776406404415,0,19.534141866589163,17.881569860407208,13.657834562704009,13.60653744329409,9.767766952966369,33.42326598440729,40.801726581436384,45.01559460105225,47.00390434451174,32.93465791600852,47.07162436872558,35.40954542424647,26.4474565306379,33.36108241493719,33.87962645864894,17.92706097986845,17.9937421679075,15.855180460177097,21.136877888716125,17.971714991660647,17.94948974278318,19.027968552019587,18.939902661992893,13.125,14.697299478905869,12.565338955232288,17.94948974278318,16.338535866733714,23.281074432660873,12.59165006633519,18.543373743671975,35.48882143423822,29.74278044276821,40.75832409459323,38.1486298798316,33.39116499156263,15.301494079940246,37.017811819867575,30.818979511837938,30.75240295781442,17.881569860407208,34.33541601603159,33.259601202601324,16.914150989478497,13.15421099245176,13.200852107707377,14.770737765573118,12.084166500066633,10.960548392669764,18.58602010819715,8.30710403685012,7.020690632574555,3.515504800579495,4.737436867076458,5.846291201783626,6.274754878398197
18.537222891273053,13.139655346077962,19.5031230493126,18.974873734152915,18.433490291741474,19.534141866589163,0,21.10408333199996,13.639655346077962,11.527159342528357,23.831187913226533,47.08694568106795,54.38748219369606,59.61485373549368,60.574043615883,48.66458281223942,60.62331050222673,49.063942051752214,40.172107705392094,48.08120692932863,48.58503365959205,33.88193731461717,33.93010568350306,31.830728148618558,37.03553390593274,33.91412507093692,33.911836015989046,34.955068740271315,34.904959617969055,29.18688719599549,30.735544776386195,28.632491021535415,33.911836015989046,32.31897951183794,39.144344934278315,28.649900792088538,34.466356155965514,48.10791918128874,44.47256214551768,55.414110895752394,51.766512041469,49.12878614122844,30.25,49.621210380458635,45.53500309789224,41.311987670494226,33.849440251743566,49.060095442227926,46.96271687103684,30.802461203405727,28.147419578003543,30.281101187101672,30.78585985702373,27.11498394859428,27.07967124868873,32.416412592179114,25.546514401738484,23.32012854316962,20.082997289971477,21.178035660703568,22.230041208480195,22.695482331605977
31.79772648956823,24.36956007081225,12.617634293262178,22.795084971874736,20.0403001791127,17.881569860407208,21.10408333199996,0,16.294694968835728,19.471714991660647,22.172194790803992,46.52919036532155,53.84453679924569,59.074043615883,60.032866091117185,48.11931426332102,60.08257569495584,47.470595043567144,39.62068708949006,48.56970514902493,48.03887360535088,33.32603367391252,33.375,31.2739502134272,36.48209706929603,33.3587572106361,33.342435489280234,34.40036762718386,34.33541601603159,28.612474899497183,30.162277660168378,28.072051431861127,33.342435489280234,31.76199708767497,38.592526965799976,28.08980177357707,33.911836015989046,48.58503365959205,42.87701560481771,53.802978619514626,51.222336438513636,48.58312074276527,28.612474899497183,49.063942051752214,42.889087296526014,41.770775782249586,33.29298496807987,49.53693881548879,48.47452827389616,30.196677963136104,28.647419578003543,28.66474722529304,28.08980177357707,25.455397604384224,24.36956007081225,31.828381738923586,23.92083036138698,20.589039397150998,17.328492001274643,18.433490291741474,19.49060735564641,19.952677108793573
20.107081701826775,11.444543648263005,14.650581316760658,20.61306812004586,14.770737765573118,13.657834562704009,13.639655346077962,16.294694968835728,0,10.879162047296614,17.974873734152915,41.36490620843507,48.681432170919436,53.91941738241592,54.8767853500029,42.94691335096174,54.92824739597959,43.340572873934306,34.42326598440729,43.39510911272072,42.86288428509061,28.109963826156182,28.162277660168378,26.054197930717653,31.276335605520288,28.14493640635228,28.142451272494135,29.189337705543267,29.134984050996113,23.396657556564115,24.950105930301486,22.836701429477554,28.142451272494135,26.54138126514911,33.393467990124556,22.855914914698964,28.701562118716424,44.45877190552828,38.74374478296799,48.649548168174455,46.054318685056714,43.409123942777974,23.38042965545073,44.937003937005905,38.74374478296799,36.581637195473604,28.07459346906221,44.37298334620742,43.307886552931954,26.033665274877897,24.48171511046914,24.5,23.92083036138698,21.278263846361607,20.186773157525586,27.67214438511238,19.741464024932665,16.384848003542363,13.099106952968333,14.215005643333669,15.277608394786075,15.73606797749979
20.13094564748115,12.599106952968333,18.943102535711507,20.595067436503335,14.700852107707377,13.60653744329409,11.527159342528357,19.471714991660647,10.879162047296614,0,19.031057091414574,43.409123942777974,50.74448171158741,54.93705983732471,56.92648280240644,43.96665791315561,56.98783076775406,45.397114317029974,36.5,43.37903016229573,44.91910385164772,29.134984050996113,29.18688719599549,27.07967124868873,32.30009469561102,29.16968058327649,29.152380053229624,30.21374003304561,30.14493640635228,24.407425837403252,25.960679820581753,23.8641098093474,29.152380053229624,27.566961036596325,34.416412592179114,23.8831406486677,29.725871975140986,43.39510911272072,39.752082754950905,49.657072287078975,48.10791918128874,44.42905841137543,24.407425837403252,45.9567979478361,39.7645550865939,36.577272005313546,29.099899191909312,44.34463912480742,42.241657386773944,23.902046691560976,22.314582562299424,24.463317397782426,23.8831406486677,20.186773157525586,20.14575131106459,25.531088913245537,19.70127284812179,16.338535866733714,13.046338192968113,14.165063509461097,15.229069312515875,15.686606960566987
21.775450413896813,21.75,21.70993542358485,27.56950728945217,8.723006094011279,9.767766952966369,23.831187913226533,22.172194790803992,17.974873734152915,19.031057091414574,0,40.80378101367573,48.13256881370413,53.38748219369606,54.33373395583993,41.36288428509061,54.382137035739525,42.77491721763538,33.863406011768426,41.80993766353204,41.2645550865939,26.50260303736608,26.556754815159373,24.444804747347437,29.674606274800073,26.538811445285805,26.520761493398645,27.584740669813268,27.512992698298486,21.764168048436996,23.32012854316962,21.218570396366445,26.520761493398645,24.931509849889643,31.795356581616016,21.23861278752583,27.097377923340968,42.86288428509061,37.142200571083364,47.05817077018698,45.50780488547035,41.82426463519459,21.764168048436996,44.37298334620742,37.15504787930336,36.02446804496792,26.46595262942617,42.77491721763538,41.708099243547835,23.35864915650732,21.803457686500725,21.822897447659052,21.23861278752583,18.58602010819715,17.48746859276655,25.005203820042826,17.04644359843292,13.657834562704009,10.337117307087384,11.468501968502952,12.538688303787511,12.992172181313654
56.522513128781384,49.235268586524356,48.149548168174455,54.88926246651986,35.53553390593274,33.42326598440729,47.08694568106795,46.52919036532155,41.36490620843507,43.409123942777974,40.80378101367573,0,19.570870475150393,22.8613807855649,27.031088913245537,32.98882143423822,36.5947009611371,26.077133406272793,34.991060010942235,35.54656523977778,27.625,39.17636029246319,40.287314351885776,38.19754986443726,43.38305614175226,42.35883726010828,42.35681215513538,44.44691335096174,44.403123748999,38.72701287896889,40.26870335792033,38.18060796608386,41.3365023133057,39.754164354420304,45.482383080518495,38.18272996566406,41.87298334620742,58.556931533389545,52.87142711251143,67.92760083610676,60.140177798317644,60.643543905251676,45.01753966999705,60.10638144317207,58.067206476611275,52.82471097300155,47.563942051752214,59.503470883662956,58.4476117186643,46.567785023818246,42.91910385164772,44.00780488547035,45.54660351405966,41.881043674065005,41.881043674065005,48.17207981706966,39.305834336909584,38.17848474239054,35,36.070714214271426,37.109882269548415,37.58381779670786
63.80559569668527,56.53631182790601,55.45638586749397,62.17038542306735,42.89109560406835,40.801726581436384,54.38748219369606,53.84453679924569,48.681432170919436,50.74448171158741,48.13256881370413,19.570870475150393,0,17.45903944661325,21.712816801776338,31.918698582794335,35.47760693581089,23.928843628464996,33.93010568350306,36.631459761583486,27.6274990007992,47.57737660757502,47.61741727300015,45.53500309789224,50.70565096031518,49.683300132670375,49.6851672606958,51.764680527307995,51.727883631321944,46.065863991822646,47.6041137898455,45.51948379770338,48.66645832812474,47.08694568106795,52.79752835941777,45.52142698553635,49.196352582898626,65.83800062009091,60.16368952654441,75.18862939512931,67.40376131148327,67.91649010982428,52.33012701892219,66.3331537322953,64.3185838168491,60.11654632815485,54.873213921133974,66.80071609241789,65.74835497830564,52.83373395583993,50.25367488179339,51.33553629900616,52.87142711251143,49.21863425767155,49.21863425767155,55.48783076775406,46.649548168174455,45.53306645122542,42.3709656418005,43.435019059674296,44.470595043567144,44.94691335096174
69.0140427800329,61.75657439761011,60.680411306712266,67.38460592064499,47.10030486671418,45.01559460105225,59.61485373549368,59.074043615883,53.91941738241592,54.93705983732471,53.38748219369606,22.8613807855649,17.45903944661325,0,22.744312300012517,27.61498394859428,36.52446804496792,28.152380053229624,39.203883097507266,36.52446804496792,28.66968058327649,51.777484658067166,51.815669125408014,49.73711281416957,54.89992897669951,53.87856997203425,53.88035386698381,55.95638586749397,55.92118479595685,50.266512041469,51.802978619514626,49.722336438513636,52.86248209165379,51.28660704987056,56.98783076775406,49.72418631217895,53.391042017562576,65.83961517065148,60.165364401630384,74.15388203202208,67.40535421758715,66.87980532398578,56.5190568706313,71.540461288414,64.30722113075736,63.22857007984443,58.00520532273502,70.95920860621935,65.77297077300919,57.03631182790601,53.40347873845214,55.524240267713466,57.05864563220262,52.36963957323714,53.4123406486807,57.57575130443078,50.84633466267843,49.735268586524356,46.58120692932863,47.642010381445225,48.675823272122514,49.15331193145904
69.97650730934859,62.7169905660283,61.640177798317644,68.34606799374504,49.08885680844903,47.00390434451174,60.574043615883,60.032866091117185,54.8767853500029,56.92648280240644,54.33373395583993,27.031088913245537,21.712816801776338,22.744312300012517,0,35.00669003477638,21.769814975770043,27.031088913245537,29.711308144666283,29.194233084795158,24.450105930301486,53.766512041469,54.86248209165379,52.78478412525065,57.94585481094468,56.92471750510696,56.92648280240644,57.94585481094468,58.96689209630141,52.2555111326373,53.79207117834735,51.71122013198075,54.8517237963823,53.27565784412177,60.032866091117185,51.71307488658818,55.38035386698381,70.95763300376298,65.28767950055139,80.29150262212919,72.52182735665016,73.02493781056044,58.508672199217855,72.5062460986252,70.47964607176053,66.28441480225116,61.05006868080032,74,71.91172067609712,59.01213641194501,56.43529874980254,57.513867521316946,59.04835134966506,54.35889894354067,55.40170421541475,60.60638144317207,52.83553629900616,51.72418631217895,48.56970514902493,49.63067791046458,50.66458281223942,51.142010381445225
59.143543905251676,51.86427256252402,50.78113594738593,57.503470883662956,35.03332350627564,32.93465791600852,48.66458281223942,48.11931426332102,42.94691335096174,43.96665791315561,41.36288428509061,32.98882143423822,31.918698582794335,27.61498394859428,35.00669003477638,0,29.67706625678471,22.342204250225517,29.223449239556906,29.68688719599549,30.235544776386195,45.00390434451174,45.04467242184086,42.960744879438714,48.13445885213531,47.11172105084963,47.113620667976086,46.065863991822646,46.02725092339675,42.42905841137543,43.96862696659689,41.881043674065005,45.03306645122542,43.45087015731978,50.227883631321944,41.89510911272072,45.57546009672528,61.146907573860275,55.46514277487294,65.31371737849243,62.715334028465,58.0190568706313,44.511701633970304,62.70538255617968,54.42295150323854,57.513867521316946,45.99609184078645,62.141861156906785,59.015597967047114,45.031128874149275,42.44493345951487,43.51753966999705,45.05624518489699,42.45482300488909,41.39109560406835,47.696352582898626,38.816084380618435,37.68908864084343,34.51114297629704,35.581637195473604,36.62068708949006,37.0947009611371
70.02182735665016,62.76477963813648,61.68874983337776,68.39259644769523,49.15519253464866,47.07162436872558,60.62331050222673,60.08257569495584,54.92824739597959,56.98783076775406,54.382137035739525,36.5947009611371,35.47760693581089,36.52446804496792,21.769814975770043,29.67706625678471,0,31.23312928909439,30.771563082075602,29.196677963136104,30.7739502134272,58.00693909432999,58.04319546134656,55.96864073292987,61.12331050222673,60.10298815988049,60.104685114098466,59.06207189772366,60.08257569495584,55.4405799170829,56.97562844749204,54.898153021439796,58.032866091117185,56.459890693727814,63.207042595940685,54.91056969109434,58.57062632469555,67.94026821134237,62.269696007084725,76.23659001641336,69.5046853047919,68.96707912157638,58.568916720624266,68.44501011121312,64.34122918275926,67.35733980693136,61.10977222864644,69.9418493501927,67.85251223594541,59.07233528954297,56.49652643715124,57.574043615883,59.10807714779169,54.42118479595685,55.46339276783928,60.665364401630384,52.898153021439796,51.78842919960211,48.63634802694357,49.696352582898626,50.72973107892216,51.20750816992671
58.50173577634228,51.21307488658818,49.09267638593622,55.83553629900616,37.522250700901346,35.40954542424647,49.063942051752214,47.470595043567144,43.340572873934306,45.397114317029974,42.77491721763538,26.077133406272793,23.928843628464996,28.152380053229624,27.031088913245537,22.342204250225517,31.23312928909439,0,21.012468905280222,31.271563082075602,26.460679820581753,44.36288428509061,44.40512483795332,42.31813108732531,47.49804639792987,46.47452827389616,46.47256214551768,47.49804639792987,48.51753966999705,41.781120865563544,43.32222121285516,41.23538819937098,44.389087296526014,42.807886552931954,49.5945848385398,41.237479096931516,44.925079617026896,63.67540105231626,57.9947886490913,71.99687402282667,65.25657439761011,64.7169905660283,47.005855089740514,60.04491474067446,54.892820847701394,56.90347873845214,49.552391269361834,64.64690757386028,62.55178536400828,47.49413632716762,44.90712490202195,45.99609184078645,47.53500309789224,42.82017669748403,43.86894688513554,49.10030486671418,41.29349772637338,40.16571957465379,36.98658142024534,38.05756236768943,39.09687364248454,39.570714214271426
49.662706451336675,42.34870107958516,41.254164354420304,48.005855089740514,28.56186217847897,26.4474565306379,40.172107705392094,39.62068708949006,34.42326598440729,36.5,33.863406011768426,34.991060010942235,33.93010568350306,39.203883097507266,29.711308144666283,29.223449239556906,30.771563082075602,21.012468905280222,0,25.51817411691241,21.752839443193153,35.443744328488975,35.491060010942235,33.393467990124556,38.5947009611371,37.56852560590505,37.570714214271426,38.5947009611371,39.62068708949006,32.856430395524384,34.40266439720405,32.30009469561102,35.47760693581089,33.88193731461717,40.70177322374021,32.30246120340573,36.0133673306388,54.84992816032633,49.15519253464866,63.1837484987988,56.42295150323854,55.88035386698381,38.10338382634989,55.340938838546336,52.28113594738593,49.08694568106795,40.65504787930336,56.8517237963823,54.75,39.67636029246319,36.01114297629704,37.109882269548415,38.65290979905061,33.91412507093692,34.968609231377904,40.22491610643783,32.38424659267022,31.24037034920393,28.03623945037278,29.11749097833498,30.162277660168378,30.632491021535415
59.599592373243524,52.317479009792635,51.233423555469024,57.95813862503175,35.475359693614465,33.36108241493719,48.08120692932863,48.56970514902493,43.39510911272072,43.37903016229573,41.80993766353204,35.54656523977778,36.631459761583486,36.52446804496792,29.194233084795158,29.68688719599549,29.196677963136104,31.271563082075602,25.51817411691241,0,24.41547594742265,42.291437722025776,42.33446541254449,40.245831015942926,45.42905841137543,44.417109903998096,44.41910385164772,45.42905841137543,46.45284707521047,39.72491610643783,41.26662979332984,39.174234614174765,42.32222121285516,40.73538819937098,47.52725092339675,39.17636029246319,42.85478598627732,60.57233528954297,52.79752835941777,62.66871234924577,60.056931533389545,55.353518691817,44.960744879438714,57.959890693727814,51.764680527307995,49.63067791046458,46.43303318063807,56.34992816032633,53.21492882502184,45.51948379770338,41.840572873934306,43.95482300488909,45.505855089740514,40.81813108732531,41.838538133196025,46.063942051752214,39.245831015942926,38.13361046343716,34.95280682923328,36.02446804496792,37.06414435734581,37.537742924521226
58.031142240097964,50.74448171158741,49.65895118990353,56.38748219369606,35.97985272676876,33.87962645864894,48.58503365959205,48.03887360535088,42.86288428509061,44.91910385164772,41.2645550865939,27.625,27.6274990007992,28.66968058327649,24.450105930301486,30.235544776386195,30.7739502134272,26.460679820581753,21.752839443193153,24.41547594742265,0,41.754164354420304,41.797614382740825,39.708099243547835,44.89310287559936,43.86894688513554,43.8709656418005,44.89310287559936,45.917109903998096,39.174234614174765,40.71651718682963,38.62284418654736,41.78525098243168,40.19754986443726,46.99217985566783,38.625,42.31813108732531,59.013867521316946,54.36963957323714,67.34929118531771,61.625,61.09789353943738,45.46468788178843,61.594493987372275,57.47911821679223,52.20565096031518,48.011701633970304,59.959890693727814,56.817479009792635,45.984344362627304,42.332427429188975,44.470595043567144,44.96271687103684,40.24374478296799,42.34260653723485,46.52919036532155,39.76662979332984,38.63790805271381,35.45732917148483,36.528898553373274,37.56852560590505,38.04215682882619
44.4567979478361,37.125,36.02446804496792,42.791437722025776,20.064785566085398,17.92706097986845,33.88193731461717,33.32603367391252,28.109963826156182,29.134984050996113,26.50260303736608,39.17636029246319,47.57737660757502,51.777484658067166,53.766512041469,45.00390434451174,58.00693909432999,44.36288428509061,35.443744328488975,42.291437722025776,41.754164354420304,0,7.605654072333142,8.658312395177699,5.25,10.845602882529175,10.849831073368593,9.704772712123232,20.549509756796393,19.031057091414574,15.186606960566987,14.09165006633519,10.88331489666492,10.34136498283203,15.157834562704009,14.095381826780027,15.815032397181517,47.550462936504914,41.840572873934306,52.79934588047996,49.12878614122844,45.46665791315561,29.691786333700925,49.09076704298839,42.90512483795332,41.78318648760539,32.25,45.3709656418005,44.305834336909584,30.25,26.56186217847897,28.699120973017433,28.14493640635228,25.512992698298486,26.538811445285805,31.879626458648943,23.942150573984954,22.775450413896813,19.534141866589163,20.63094564748115,21.683863819197985,22.148702512552138
44.49804639792987,37.1699795639758,36.070714214271426,42.83446541254449,20.12797450520358,17.9937421679075,33.93010568350306,33.375,28.162277660168378,29.18688719599549,26.556754815159373,40.287314351885776,47.61741727300015,51.815669125408014,54.86248209165379,45.04467242184086,58.04319546134656,44.40512483795332,35.491060010942235,42.33446541254449,41.797614382740825,7.605654072333142,0,2.81967981553775,8.690968657308586,13.072890493972125,13.076655965729518,10.824314939915803,17.31503239718152,15.78787565221539,16.27417567483253,16.294694968835728,13.084166500066633,13.636000936329383,18.439902661992893,16.29809703885628,12.553959590644373,47.57546009672528,41.86692707456451,52.822904116447646,49.15331193145904,45.49217985566783,29.74278044276821,49.115519408288584,42.931046298379094,41.80993766353204,32.30009469561102,45.397114317029974,44.332427429188975,30.281101187101672,26.594854600784988,28.75,28.17706625678471,25.546514401738484,26.592329219213244,31.909545424246463,23.99739470207045,22.833946012188658,19.598076211353316,20.69258240356725,21.744312300012517,22.20993542358485
42.41311896062463,35.077272005313546,33.975359693614465,40.745831015942926,17.996873044429773,15.855180460177097,31.830728148618558,31.2739502134272,26.054197930717653,27.07967124868873,24.444804747347437,38.19754986443726,45.53500309789224,49.73711281416957,52.78478412525065,42.960744879438714,55.96864073292987,42.31813108732531,33.393467990124556,40.245831015942926,39.708099243547835,8.658312395177699,2.81967981553775,0,9.741048534648016,12.03100960115899,12.034852574512463,9.776583800443987,19.455860338048563,14.75,15.23606797749979,14.14330352493528,15.239559108396115,15.78787565221539,19.474873734152915,15.26039266500314,14.711475751619266,45.49217985566783,39.77905411445774,50.74448171158741,47.07162436872558,43.40712490202195,27.637475099502783,47.03306645122542,40.84463912480742,39.720719016534304,30.196677963136104,43.30993766353204,42.24374478296799,28.17706625678471,24.48433409657833,26.64493640635228,26.06950728945217,23.434173648576376,24.48171511046914,29.809550573718433,21.8831406486677,20.712816801776338,17.4653853654145,18.564785566085398,19.61904085496962,20.082997289971477
47.58885680844903,40.26870335792033,39.172107705392094,45.92905841137543,23.264168048436996,21.136877888716125,37.03553390593274,36.48209706929603,31.276335605520288,32.30009469561102,29.674606274800073,43.38305614175226,50.70565096031518,54.89992897669951,57.94585481094468,48.13445885213531,61.12331050222673,47.49804639792987,38.5947009611371,45.42905841137543,44.89310287559936,5.25,8.690968657308586,9.741048534648016,0,6.3578475614000265,6.363589014329464,6.403121520040228,22.680951323690902,20.08602010819715,13.03100960115899,16.25,13.057759704144292,13.610242877016766,17.311655251113365,16.253469547164993,17.95903944661325,50.67956337432512,44.97649343014672,55.92118479595685,52.2555111326373,48.598399077688754,32.85410196624969,52.21863425767155,46.03887360535088,44.92109678533953,35.40954542424647,48.505855089740514,47.442952573896875,33.40954542424647,29.73071199583002,31.861082414937187,31.309550573718433,28.68443480071425,29.70887441324836,35.03332350627564,27.11749097833498,25.960679820581753,22.73575857852991,23.825663638864327,24.875,25.342204250225517
44.484344362627304,37.15504787930336,36.055365663331976,42.82017669748403,20.107081701826775,17.971714991660647,33.91412507093692,33.3587572106361,28.14493640635228,29.16968058327649,26.538811445285805,42.35883726010828,49.683300132670375,53.87856997203425,56.92471750510696,47.11172105084963,60.10298815988049,46.47452827389616,37.56852560590505,44.417109903998096,43.86894688513554,10.845602882529175,13.072890493972125,12.03100960115899,6.3578475614000265,0,0.125,7.571225636247067,26.92083036138698,15.811655251113367,7.5103807466993215,13.053959590644373,16.253469547164993,16.801494079940245,22.680951323690902,10.79843682124227,21.125,49.657072287078975,43.95284707521047,54.89992897669951,51.233423555469024,47.57546009672528,29.725871975140986,51.196352582898626,45.01559460105225,43.897114317029974,32.28348138414093,47.482383080518495,46.41910385164772,32.38193731461717,28.701562118716424,28.73312928909439,30.281101187101672,27.654857366030992,26.57459346906221,34.00669003477638,23.979093821953246,22.814582562299424,19.576941016011038,20.672194790803992,21.72431183971292,22.18967934891875
44.470595043567144,37.14005494464026,36.03995056462657,42.81813108732531,20.10408333199996,17.94948974278318,33.911836015989046,33.342435489280234,28.142451272494135,29.152380053229624,26.520761493398645,42.35681215513538,49.6851672606958,53.88035386698381,56.92648280240644,47.113620667976086,60.104685114098466,46.47256214551768,37.570714214271426,44.41910385164772,43.8709656418005,10.849831073368593,13.076655965729518,12.034852574512463,6.363589014329464,0.125,0,7.576190026614811,26.91815438248219,15.808273164077423,7.505199322349037,13.057759704144292,16.25,16.80488611432322,22.683863819197985,10.802775637731994,21.12797450520358,49.6438961135627,43.93898781414718,54.898153021439796,51.235268586524356,47.57737660757502,29.72829289253624,51.19449043389063,45.01753966999705,43.89911849012056,32.28585985702373,47.480420832022666,46.417109903998096,32.365728004459065,28.68443480071425,28.716170082567153,30.264391214300147,27.637475099502783,26.556754815159373,33.991060010942235,23.960679820581753,22.795084971874736,19.55563103753261,20.651650429449553,21.704163456597993,22.169269563007827
45.51948379770338,38.19332167567354,37.0947009611371,43.85681215513538,21.160474581724095,19.027968552019587,34.955068740271315,34.40036762718386,29.189337705543267,30.21374003304561,27.584740669813268,44.44691335096174,51.764680527307995,55.95638586749397,57.94585481094468,46.065863991822646,59.06207189772366,47.49804639792987,38.5947009611371,45.42905841137543,44.89310287559936,9.704772712123232,10.824314939915803,9.776583800443987,6.403121520040228,7.571225636247067,7.576190026614811,0,22.657536453183663,17.91091269024824,10.794087511800916,15.157834562704009,14.042516829796025,15.690176933491903,20.506242206970427,14.065338955232288,17.861805453461397,48.61172105084963,42.90512483795332,53.85710626448334,50.18889902002901,46.52919036532155,30.769174207655507,50.1514304763539,43.96862696659689,42.84870107958516,33.32603367391252,46.435019059674296,45.3709656418005,31.32603367391252,27.642451272494135,29.776335605520288,29.223449239556906,26.594854600784988,27.61999599358717,32.95280682923328,25.02592960922755,23.8641098093474,20.63094564748115,21.72431183971292,22.775450413896813,23.241464024932665
45.46468788178843,38.13361046343716,37.03332350627564,43.811987670494226,21.095067436503335,18.939902661992893,34.904959617969055,34.33541601603159,29.134984050996113,30.14493640635228,27.512992698298486,44.403123748999,51.727883631321944,55.92118479595685,58.96689209630141,46.02725092339675,60.08257569495584,48.51753966999705,39.62068708949006,46.45284707521047,45.917109903998096,20.549509756796393,17.31503239718152,19.455860338048563,22.680951323690902,26.92083036138698,26.91815438248219,22.657536453183663,0,16.729069312515875,21.579970930068786,17.311655251113365,15.20439901106855,15.739559108396115,15.23606797749979,18.414150989478497,15.78787565221539,48.55817077018698,42.84870107958516,53.817479009792635,50.1514304763539,46.49022242487809,30.721024681681282,50.109820555693396,43.92905841137543,42.807886552931954,33.278719262151,46.39109560406835,45.32630696625349,31.259601202601324,27.572051431861127,29.70887441324836,29.154857366030992,26.523346655611956,27.549077729412616,32.88886042793149,24.95275295275443,23.786687101200993,20.54644359843292,21.642796813983246,22.695482331605977,23.160474581724095
39.77905411445774,32.43010568350306,31.323683950077083,38.11852870653253,15.301494079940246,13.125,29.18688719599549,28.612474899497183,23.396657556564115,24.407425837403252,21.764168048436996,38.72701287896889,46.065863991822646,50.266512041469,52.2555111326373,42.42905841137543,55.4405799170829,41.781120865563544,32.856430395524384,39.72491610643783,39.174234614174765,19.031057091414574,15.78787565221539,14.75,20.08602010819715,15.811655251113367,15.808273164077423,17.91091269024824,16.729069312515875,0,12.460548392669764,8.120185174601964,13.610242877016766,15.281035948861833,16.831844763272205,8.125,12.01943680267544,44.960744879438714,39.245831015942926,50.226035376094245,46.55624518489699,42.89109560406835,24.989565185775348,46.51364858950058,40.32834820777839,39.203883097507266,27.551638903933426,42.789376597806026,41.72281815295886,27.637475099502783,23.942150573984954,23.976470224947665,25.52851035989643,22.891258376555093,21.803457686500725,29.271563082075602,19.198379143115364,18.015576474687265,14.746525094451428,15.855180460177097,16.914150989478497,17.375
41.32017669748403,33.975359693614465,32.87036719067819,39.6614546289692,16.868411915187053,14.697299478905869,30.735544776386195,30.162277660168378,24.950105930301486,25.960679820581753,23.32012854316962,40.26870335792033,47.6041137898455,51.802978619514626,53.79207117834735,43.96862696659689,56.97562844749204,43.32222121285516,34.40266439720405,41.26662979332984,40.71651718682963,15.186606960566987,16.27417567483253,15.23606797749979,13.03100960115899,7.5103807466993215,7.505199322349037,10.794087511800916,21.579970930068786,12.460548392669764,0,6.3693063937629155,11.891593243802694,13.557759704144292,19.4937421679075,6.328768226591832,16.808273164077423,46.5,40.787314351885776,51.762848226244984,48.0945848385398,44.431046298379094,26.54138126514911,48.052391269361834,41.86894688513554,40.745831015942926,29.102418411497716,44.33038836151114,43.2645550865939,29.18688719599549,25.494787137677733,25.52851035989643,27.07967124868873,24.444804747347437,23.35864915650732,30.818979511837938,20.755675960631073,19.576941016011038,16.31503239718152,17.420614591379636,18.478028450199876,18.939902661992893
39.245831015942926,31.893467990124556,30.78585985702373,37.570714214271426,14.725561726845607,12.565338955232288,28.632491021535415,28.072051431861127,22.836701429477554,23.8641098093474,21.218570396366445,38.18060796608386,45.51948379770338,49.722336438513636,51.71122013198075,41.881043674065005,54.898153021439796,41.23538819937098,32.30009469561102,39.174234614174765,38.62284418654736,14.09165006633519,16.294694968835728,14.14330352493528,16.25,13.053959590644373,13.057759704144292,15.157834562704009,17.311655251113365,8.120185174601964,6.3693063937629155,0,8.690968657308586,10.36664806538351,14.11394181566097,3.0077822185373186,13.639655346077962,44.42905841137543,38.712310601229376,49.6851672606958,46.00975373308636,42.34260653723485,24.426174977679906,45.970595043567144,39.77905411445774,38.65290979905061,26.989565185775348,42.24374478296799,41.17636029246319,27.097377923340968,23.3993533761858,23.434173648576376,24.98695078633713,22.34769643747363,21.25850956133924,28.73312928909439,18.651650429449553,17.4653853654145,14.190176933491903,15.301494079940246,16.361805453461397,16.821771952625838
44.470595043567144,37.14005494464026,36.03995056462657,42.81813108732531,20.10408333199996,17.94948974278318,33.911836015989046,33.342435489280234,28.142451272494135,29.152380053229624,26.520761493398645,41.3365023133057,48.66645832812474,52.86248209165379,54.8517237963823,45.03306645122542,58.032866091117185,44.389087296526014,35.47760693581089,42.32222121285516,41.78525098243168,10.88331489666492,13.084166500066633,15.239559108396115,13.057759704144292,16.253469547164993,16.25,14.042516829796025,15.20439901106855,13.610242877016766,11.891593243802694,8.690968657308586,0,3.5752906583803283,9.772180859844728,6.3693063937629155,7,47.563942051752214,41.85478598627732,52.822904116447646,49.157072287078975,45.49609184078645,29.72829289253624,49.115519408288584,42.935019059674296,41.81403657559809,32.28585985702373,45.397114317029974,44.332427429188975,30.266783586342996,26.57967124868873,28.716170082567153,28.162277660168378,25.531088913245537,26.556754815159373,31.895769426801532,23.960679820581753,22.795084971874736,19.55563103753261,20.651650429449553,21.704163456597993,22.169269563007827
42.903123748999,35.56633565442178,34.46410161513776,41.23538819937098,18.4811791551599,16.338535866733714,32.31897951183794,31.76199708767497,26.54138126514911,27.566961036596325,24.931509849889643,39.754164354420304,47.08694568106795,51.28660704987056,53.27565784412177,43.45087015731978,56.459890693727814,42.807886552931954,33.88193731461717,40.73538819937098,40.19754986443726,10.34136498283203,13.636000936329383,15.78787565221539,13.610242877016766,16.801494079940245,16.80488611432322,15.690176933491903,15.739559108396115,15.281035948861833,13.557759704144292,10.36664806538351,3.5752906583803283,0,10.30710403685012,8.081138830084189,9.802775637731994,45.99804639792987,40.28525098243168,51.25,47.57737660757502,43.91311896062463,28.125,47.53887360535088,41.35073045018734,40.22701287896889,30.68443480071425,43.816084380618435,42.75,28.68443480071425,24.992177300896458,27.132491021535415,26.577133406272793,23.942150573984954,24.96858552175948,30.316624790355398,22.36956007081225,21.198379143115364,17.94948974278318,19.049509756796393,20.10408333199996,20.567829823021768
49.683300132670375,42.3709656418005,41.27698623243453,48.02725092339675,25.402046691560976,23.281074432660873,39.144344934278315,38.592526965799976,33.393467990124556,34.416412592179114,31.795356581616016,45.482383080518495,52.79752835941777,56.98783076775406,60.032866091117185,50.227883631321944,63.207042595940685,49.5945848385398,40.70177322374021,47.52725092339675,46.99217985566783,15.157834562704009,18.439902661992893,19.474873734152915,17.311655251113365,22.680951323690902,22.683863819197985,20.506242206970427,15.23606797749979,16.831844763272205,19.4937421679075,14.11394181566097,9.772180859844728,10.30710403685012,0,14.117634293262178,13.639655346077962,52.77200187265876,47.07354268420008,58.008672199217855,54.34633466267843,50.69262745781211,34.968609231377904,54.310234912391664,48.13445885213531,47.01948379770338,37.522250700901346,50.602209770355486,49.54080746881115,35.522250700901346,31.849440251743566,33.975359693614465,33.42554740151118,30.804826016600572,31.828381738923586,37.142200571083364,29.24037034920393,28.08980177357707,24.875,25.960679820581753,27.00780235387899,27.476470224947665
39.26040223912283,31.909545424246463,30.802461203405727,37.585997071945265,14.75,12.59165006633519,28.649900792088538,28.08980177357707,22.855914914698964,23.8831406486677,21.23861278752583,38.18272996566406,45.52142698553635,49.72418631217895,51.71307488658818,41.89510911272072,54.91056969109434,41.237479096931516,32.30246120340573,39.17636029246319,38.625,14.095381826780027,16.29809703885628,15.26039266500314,16.253469547164993,10.79843682124227,10.802775637731994,14.065338955232288,18.414150989478497,8.125,6.328768226591832,3.0077822185373186,6.3693063937629155,8.081138830084189,14.117634293262178,0,11.387458608817688,44.442952573896875,38.72701287896889,49.69821390593667,46.02336923485777,42.35681215513538,24.444804747347437,45.984344362627304,39.79349772637338,38.6678501877803,27.00780235387899,42.25832409459323,41.19120576505835,27.11498394859428,23.41815438248219,23.45275295275443,25.005203820042826,22.36683623529493,21.278263846361607,28.75,18.672194790803992,17.48746859276655,14.215005643333669,15.325134404717284,16.384848003542363,16.845207879911715
